-1  0  1
0  100  100
1  200  199
2  300  298
3  400  397
5  500  495
6  600  594
7  700  693
8  800  792
10  900  890
11  1000  989
12  1100  1088
13  1200  1187
15  1300  1285
16  1400  1384
17  1500  1483
18  1600  1582
19  1700  1681
21  1800  1779
22  1900  1878
23  2000  1977
24  2100  2076
26  2200  2174
27  2300  2273
28  2400  2372
29  2500  2471
31  2600  2569
32  2700  2668
33  2800  2767
34  2900  2866
35  3000  2965
37  3100  3063
38  3200  3162
39  3300  3261
40  3400  3360
42  3500  3458
43  3600  3557
44  3700  3656
45  3800  3755
47  3900  3853
48  4000  3952
49  4100  4051
50  4200  4150
51  4300  4249
53  4400  4347
54  4500  4446
55  4600  4545
56  4700  4644
58  4800  4742
59  4900  4841
60  5000  4940
61  5100  5039
63  5200  5137
64  5300  5236
65  5400  5335
66  5500  5434
67  5600  5533
69  5700  5631
70  5800  5730
71  5900  5829
72  6000  5928
74  6100  6026
75  6200  6125
76  6300  6224
77  6400  6323
79  6500  6421
80  6600  6520
81  6700  6619
82  6800  6718
83  6900  6817
85  7000  6915
86  7100  7014
87  7200  7113
88  7300  7212
90  7400  7310
91  7500  7409
92  7600  7508
93  7700  7607
95  7800  7705
96  7900  7804
97  8000  7903
98  8100  8002
99  8200  8101
101  8300  8199
102  8400  8298
103  8500  8397
104  8600  8496
106  8700  8594
107  8800  8693
108  8900  8792
109  9000  8891
111  9100  8989
112  9200  9088
113  9300  9187
114  9400  9286
115  9500  9385
117  9600  9483
118  9700  9582
119  9800  9681
120  9900  9780